S1 = [-1 -1 0 0 0 0 0 1 0 0; 1 0 1 -1 -1 0 0 0 0 0; 0 1 -1 0 0 0 0 0 0 0; 0 0 0 2 0 -1 -1 0 0 0; 0 0 0 0 0 1 -1 0 -1 0; 0 0 0 0 1 0 0 0 0 -1; 0 0 0 0 0 0 1 0 0 -2; 1 0 1 0 0 0 -1 0 0 -10];
c1 = [0 0 0 0 0 0 0 0 0 1]';
LB1 = [0 0 0 -1000 0 -1000 -1000 0 -1000 0]';
UB1 = [1000 1000 1000 1000 1000 1000 1000 1000 1000 1000];
beq1 = zeros(8,1);
%Ax = b form is basically Sv = 0
[flux,vbio,exitflag] = linprog(-c1,[],[], S1,beq1,LB1,UB1)
